|500|33.8|7.86|
|505|31.9|7.89|
|510|30.1|7.92|
|515|28.4|7.96|
|520|26.8|8|
|525|25.3|8.03|
|530|24|8.07|
|535|22.7|8.11|
|540|21.4|8.14|
|545|20.3|8.18|
|550|19.2|8.22|
|555|18.2|8.26|
|560|17.2|8.3|
|565|16.3|8.34|
|570|15.5|8.37|
|575|14.7|8.41|
|580|13.9|8.45|
|585|13.2|8.49|
|590|12.6|8.53|
|595|11.9|8.57|
|600|11.3|8.62|
|605|10.8|8.66|
|610|10.2|8.7|
|615|9.74|8.74|
|620|9.26|8.78|
|625|8.81|8.82|
|630|8.39|8.86|
|635|7.99|8.9|
|640|7.61|8.94|
|645|7.25|8.98|
|650|6.9|9.02|
|655|6.58|9.06|
|660|6.27|9.1|
|665|5.98|9.15|
|670|5.71|9.19|
|675|5.44|9.23|
|680|5.2|9.27|
|685|4.96|9.31|
|690|4.74|9.35|
|695|4.52|9.39|
|700|4.32|9.43|
|705|4.13|9.46|
|710|3.95|9.5|
|715|3.77|9.54|
|720|3.61|9.58|
|725|3.45|9.61|
|730|3.3|9.65|
|735|3.16|9.69|
|740|3.02|9.72|
|745|2.89|9.76|
|750|2.77|9.8|
|755|2.65|9.83|
|760|2.54|9.87|
|765|2.43|9.91|
|770|2.33|9.94|
|775|2.23|9.98|
|780|2.14|10.01|
|785|2.05|10.05|
|790|1.97|10.09|
|795|1.88|10.12|
|800|1.81|10.16|
|805|1.73|10.2|
|810|1.66|10.23|
|815|1.6|10.27|
|820|1.53|10.31|
|825|1.47|10.34|
|830|1.41|10.38|
|835|1.36|10.42|
|840|1.3|10.45|
|845|1.25|10.49|
|850|1.2|10.53|
|855|1.15|10.57|
|860|1.11|10.6|
|865|1.07|10.64|
|870|1.03|10.68|
|875|0.986|10.71|
|880|0.948|10.75|
|885|0.912|10.79|
|890|0.877|10.82|
|895|0.844|10.86|
|900|0.812|10.89|
|905|0.781|10.93|
|910|0.752|10.97|
|915|0.723|11|
|920|0.696|11.04|
|925|0.67|11.07|
|930|0.646|11.11|
|935|0.622|11.14|
|940|0.599|11.18|
|945|0.577|11.21|
|950|0.556|11.25|
|955|0.535|11.28|
|960|0.516|11.32|
|965|0.497|11.35|
|970|0.479|11.39|
|975|0.462|11.42|
|980|0.445|11.46|
|985|0.43|11.49|
|990|0.414|11.53|
|995|0.399|11.56|
|1000|0.385|11.6|
|1005|0.372|11.63|
|1010|0.359|11.67|
|1015|0.346|11.7|
|1020|0.334|11.74|
|1025|0.322|11.78|
|1030|0.311|11.81|
|1035|0.3|11.85|
|1040|0.29|11.88|
|1045|0.28|11.92|
|1050|0.27|11.95|
|1055|0.261|11.99|
|1060|0.252|12.02|
|1065|0.243|12.06|
|1070|0.235|12.09|
|1075|0.227|12.13|
|1080|0.219|12.17|
|1085|0.212|12.2|
|1090|0.205|12.24|
|1095|0.198|12.27|
|1100|0.191|12.31|
|1105|0.185|12.34|
|1110|0.179|12.38|
|1115|0.173|12.42|
|1120|0.167|12.45|
|1125|0.162|12.49|
|1130|0.156|12.53|
|1135|0.151|12.56|
|1140|0.146|12.6|
|1145|0.141|12.64|
|1150|0.137|12.67|
|1155|0.132|12.71|
|1160|0.128|12.74|
|1165|0.124|12.78|
|1170|0.12|12.82|
|1175|0.116|12.85|
|1180|0.112|12.89|
|1185|0.109|12.92|
|1190|0.105|12.96|
|1195|0.102|13|
|1200|0.0985|13.03|
|1205|0.0953|13.07|
|1210|0.0923|13.1|
|1215|0.0894|13.14|
|1220|0.0866|13.17|
|1225|0.0838|13.21|
|1230|0.0812|13.24|
|1235|0.0786|13.27|
|1240|0.0762|13.31|
|1245|0.0738|13.34|
|1250|0.0715|13.38|
|1255|0.0692|13.41|
|1260|0.0671|13.45|
|1265|0.065|13.48|
|1270|0.063|13.51|
|1275|0.061|13.55|
|1280|0.0591|13.58|
|1285|0.0573|13.62|
|1290|0.0556|13.65|
|1295|0.0539|13.69|
|1300|0.0522|13.72|
|1305|0.0506|13.76|
|1310|0.0491|13.79|
|1315|0.0476|13.83|
|1320|0.0461|13.86|
|1325|0.0447|13.9|
|1330|0.0434|13.94|
|1335|0.0421|13.97|
|1340|0.0408|14.01|
|1345|0.0396|14.04|
|1350|0.0384|14.08|
|1355|0.0372|14.11|
|1360|0.0361|14.15|
|1365|0.035|14.19|
|1370|0.034|14.22|
|1375|0.033|14.26|
|1380|0.032|14.3|
|1385|0.031|14.33|
|1390|0.0301|14.37|
|1395|0.0292|14.4|
|1400|0.0284|14.44|
|1405|0.0275|14.48|
|1410|0.0267|14.51|
|1415|0.0259|14.55|
|1420|0.0252|14.59|
|1425|0.0244|14.63|
|1430|0.0237|14.66|
|1435|0.023|14.7|
|1440|0.0224|14.74|
|1445|0.0217|14.77|
|1450|0.0211|14.81|
|1455|0.0205|14.85|
|1460|0.0199|14.88|
|1465|0.0193|14.92|
|1470|0.0187|14.96|
|1475|0.0182|15|
|1480|0.0177|15.03|
|1485|0.0172|15.07|
|1490|0.0167|15.11|
|1495|0.0162|15.15|
|1500|0.0157|15.18|
|1505|0.0153|15.22|
|1510|0.0148|15.26|
|1515|0.0144|15.3|
|1520|0.014|15.33|
|1525|0.0136|15.37|
|1530|0.0132|15.41|
|1535|0.0128|15.45|
|1540|0.0125|15.48|
|1545|0.0121|15.52|
|1550|0.0118|15.56|
|1555|0.0115|15.6|
|1560|0.0111|15.64|
|1565|0.0108|15.67|
|1570|0.0105|15.71|
|1575|0.0102|15.75|
|1580|0.00993|15.79|
|1585|0.00966|15.83|
|1590|0.00939|15.87|
|1595|0.00912|15.9|
|1600|0.00887|15.94|
|1605|0.00862|15.98|
|1610|0.00838|16.02|
|1615|0.00815|16.06|
|1620|0.00792|16.1|
|1625|0.0077|16.13|
|1630|0.00749|16.17|
|1635|0.00728|16.21|
|1640|0.00708|16.25|
|1645|0.00689|16.29|
|1650|0.0067|16.33|
|1655|0.00651|16.37|
|1660|0.00633|16.41|
|1665|0.00616|16.45|
|1670|0.00599|16.49|
|1675|0.00583|16.53|
|1680|0.00567|16.56|
|1685|0.00551|16.6|
|1690|0.00536|16.64|
|1695|0.00521|16.68|
|1700|0.00507|16.72|
|1705|0.00493|16.76|
|1710|0.0048|16.81|
|1715|0.00467|16.85|
|1720|0.00454|16.89|
|1725|0.00442|16.93|
|1730|0.0043|16.97|
|1735|0.00418|17.01|
|1740|0.00407|17.05|
|1745|0.00396|17.09|
|1750|0.00385|17.13|
|1755|0.00375|17.18|
|1760|0.00365|17.22|
|1765|0.00355|17.26|
|1770|0.00345|17.3|
|1775|0.00336|17.34|
|1780|0.00327|17.39|
|1785|0.00318|17.43|
|1790|0.0031|17.47|
|1795|0.00301|17.51|
|1800|0.00293|17.56|
|1805|0.00286|17.6|
|1810|0.00278|17.64|
|1815|0.00271|17.69|
|1820|0.00263|17.73|
|1825|0.00256|17.77|
|1830|0.00249|17.82|
|1835|0.00243|17.86|
|1840|0.00236|17.9|
|1845|0.0023|17.95|
|1850|0.00224|17.99|
|1855|0.00218|18.04|
|1860|0.00212|18.08|
|1865|0.00207|18.13|
|1870|0.00201|18.17|
|1875|0.00196|18.22|
|1880|0.00191|18.26|
|1885|0.00186|18.31|
|1890|0.00181|18.35|
|1895|0.00176|18.4|
|1900|0.00171|18.45|
|1905|0.00167|18.49|
|1910|0.00163|18.54|
|1915|0.00158|18.59|
|1920|0.00154|18.63|
|1925|0.0015|18.68|
|1930|0.00146|18.73|
|1935|0.00142|18.78|
|1940|0.00139|18.82|
|1945|0.00135|18.87|
|1950|0.00131|18.92|
|1955|0.00128|18.97|
|1960|0.00125|19.02|
|1965|0.00121|19.07|
|1970|0.00118|19.12|
|1975|0.00115|19.17|
|1980|0.00112|19.22|
|1985|0.00109|19.27|
|1990|0.00106|19.32|
|1995|0.00104|19.37|
|2000|0.00101|19.42|
|2005|0.000983|19.48|
|2010|0.000957|19.53|
|2015|0.000933|19.58|
|2020|0.000908|19.64|
|2025|0.000885|19.69|
|2030|0.000862|19.74|
|2035|0.00084|19.8|
|2040|0.000818|19.85|
|2045|0.000797|19.91|
|2050|0.000776|19.96|
|2055|0.000756|20.02|
|2060|0.000737|20.07|
|2065|0.000718|20.13|
|2070|0.000699|20.19|
|2075|0.000681|20.25|
|2080|0.000664|20.3|
|2085|0.000647|20.36|
|2090|0.00063|20.42|
|2095|0.000614|20.48|
|2100|0.000598|20.54|
|2105|0.000583|20.6|
|2110|0.000568|20.66|
|2115|0.000553|20.72|
|2120|0.000539|20.78|
|2125|0.000525|20.84|
|2130|0.000512|20.9|
|2135|0.000499|20.97|
|2140|0.000486|21.03|
|2145|0.000473|21.09|
|2150|0.000461|21.16|
|2155|0.000449|21.22|
|2160|0.000438|21.29|
|2165|0.000427|21.35|
|2170|0.000416|21.42|
|2175|0.000405|21.48|
|2180|0.000395|21.55|
|2185|0.000385|21.62|
|2190|0.000375|21.69|
|2195|0.000365|21.76|
|2200|0.000356|21.83|
|2205|0.000347|21.9|
|2210|0.000338|21.97|
|2215|0.00033|22.04|
|2220|0.000321|22.11|
|2225|0.000313|22.18|
|2230|0.000305|22.25|
|2235|0.000297|22.33|
|2240|0.00029|22.4|
|2245|0.000283|22.47|
|2250|0.000275|22.55|
|2255|0.000268|22.63|
|2260|0.000262|22.7|
|2265|0.000255|22.78|
|2270|0.000248|22.86|
|2275|0.000242|22.94|
|2280|0.000236|23.02|
|2285|0.00023|23.1|
|2290|0.000224|23.18|
|2295|0.000219|23.26|
|2300|0.000213|23.34|
|2305|0.000208|23.43|
|2310|0.000202|23.51|
|2315|0.000197|23.6|
|2320|0.000192|23.68|
|2325|0.000187|23.77|
|2330|0.000183|23.86|
|2335|0.000178|23.95|
|2340|0.000174|24.04|
|2345|0.000169|24.13|
|2350|0.000165|24.22|
|2355|0.000161|24.31|
|2360|0.000157|24.41|
|2365|0.000153|24.5|
|2370|0.000149|24.6|
|2375|0.000145|24.7|
|2380|0.000142|24.79|
|2385|0.000138|24.89|
|2390|0.000134|24.99|
|2395|0.000131|25.09|
|2400|0.000128|25.19|
|2405|0.000125|25.3|
|2410|0.000121|25.4|
|2415|0.000118|25.5|
|2420|0.000115|25.61|
|2425|0.000113|25.71|
|2430|0.00011|25.82|
|2435|0.000107|25.93|
|2440|0.000104|26.04|
|2445|0.000102|26.15|
|2450|9.91e-05|26.26|
|2455|9.66e-05|26.37|
|2460|9.41e-05|26.49|
|2465|9.18e-05|26.6|
|2470|8.95e-05|26.72|
|2475|8.72e-05|26.84|
|2480|8.5e-05|26.96|
|2485|8.29e-05|27.08|
|2490|8.08e-05|27.2|
|2495|7.88e-05|27.33|
|2500|7.68e-05|27.45|
|2505|7.49e-05|27.58|
|2510|7.3e-05|27.71|
|2515|7.12e-05|27.84|
|2520|6.94e-05|27.97|
|2525|6.77e-05|28.11|
|2530|6.6e-05|28.24|
|2535|6.43e-05|28.38|
|2540|6.27e-05|28.52|
|2545|6.11e-05|28.66|
|2550|5.96e-05|28.8|
|2555|5.81e-05|28.94|
|2560|5.66e-05|29.09|
|2565|5.52e-05|29.23|
|2570|5.38e-05|29.38|
|2575|5.25e-05|29.53|
|2580|5.12e-05|29.68|
|2585|4.99e-05|29.84|
|2590|4.86e-05|29.99|
|2595|4.74e-05|30.15|
|2600|4.62e-05|30.31|
|2605|4.51e-05|30.47|
|2610|4.39e-05|30.63|
|2615|4.28e-05|30.8|
|2620|4.18e-05|30.97|
|2625|4.07e-05|31.13|
|2630|3.97e-05|31.3|
|2635|3.87e-05|31.48|
|2640|3.77e-05|31.65|
|2645|3.68e-05|31.83|
|2650|3.59e-05|32.01|
|2655|3.5e-05|32.19|
|2660|3.41e-05|32.37|
|2665|3.32e-05|32.56|
|2670|3.24e-05|32.74|
|2675|3.16e-05|32.93|
|2680|3.08e-05|33.12|
|2685|3e-05|33.32|
|2690|2.93e-05|33.52|
|2695|2.85e-05|33.71|
|2700|2.78e-05|33.92|
|2705|2.71e-05|34.13|
|2710|2.65e-05|34.34|
|2715|2.58e-05|34.56|
|2720|2.51e-05|34.77|
|2725|2.45e-05|34.99|
|2730|2.39e-05|35.22|
|2735|2.33e-05|35.44|
|2740|2.27e-05|35.67|
|2745|2.21e-05|35.89|
|2750|2.16e-05|36.12|
|2755|2.11e-05|36.35|
|2760|2.05e-05|36.59|
|2765|2e-05|36.82|
|2770|1.95e-05|37.05|
|2775|1.9e-05|37.29|
|2780|1.85e-05|37.53|
|2785|1.81e-05|37.76|
|2790|1.76e-05|38|
|2795|1.72e-05|38.24|
|2800|1.68e-05|38.48|
|2805|1.63e-05|38.72|
|2810|1.59e-05|38.95|
|2815|1.55e-05|39.19|
|2820|1.51e-05|39.43|
|2825|1.48e-05|39.66|
|2830|1.44e-05|39.9|
|2835|1.4e-05|40.14|
|2840|1.37e-05|40.38|
|2845|1.33e-05|40.62|
|2850|1.3e-05|40.86|
|2855|1.27e-05|41.1|
|2860|1.24e-05|41.34|
|2865|1.21e-05|41.59|
|2870|1.18e-05|41.83|
|2875|1.15e-05|42.07|
|2880|1.12e-05|42.32|
|2885|1.09e-05|42.56|
|2890|1.06e-05|42.81|
|2895|1.04e-05|43.05|
|2900|1.01e-05|43.3|
|2905|9.86e-06|43.55|
|2910|9.61e-06|43.79|
|2915|9.37e-06|44.04|
|2920|9.14e-06|44.29|
|2925|8.91e-06|44.54|
|2930|8.69e-06|44.79|
|2935|8.48e-06|45.04|
|2940|8.27e-06|45.29|
|2945|8.06e-06|45.54|
|2950|7.86e-06|45.8|
|2955|7.67e-06|46.05|
|2960|7.48e-06|46.3|
|2965|7.29e-06|46.56|
|2970|7.11e-06|46.81|
|2975|6.94e-06|47.07|
|2980|6.77e-06|47.32|
|2985|6.6e-06|47.58|
|2990|6.44e-06|47.84|
|2995|6.28e-06|48.09|
|3000|6.12e-06|48.35|
